391 407 291 499 310 460 147 432 6 209 87 403 433 116 220 298 313 305 167 285 380 76 366 340 449 239 114 276 
294 275 296 37 9 41 414 281 165 139 75 215 203 145 267 274 262 178 79 386 4 77 496 303 328 94 106 410 488 407
 265 378 48 173 341 14 415 30 268 56 367 316 152 393 494 464 469 386 217 241 172 267 317 22 316 201 499 496 216
  255 211 425 176 255 449 318 210 192 43 118 260 465 402 334 388 294 10 257 277 159 316 275 367 102 224 199 361
   140 29 207 348 360 12 135 109 242 372 68 419 181 43 162 297 80 462 358 242 276 147 367 289 337 302 376 470 81 
   149 487 137 191 496 390 127 190 99 486 125 337 79 383 205 111 229 292 484 418 131 119 28 276 132 14 489 321 122
    344 253 366 423 215 356 496 388 498 453 405 449 228 40 500 423 341 339 493 298 210 196 208 316 143 308 150 357 
    274 374 95 94 265 322 381 29 57 248 279 215 342 303 367 102 203 402 365 247 320 319 411 159 347 190 277 313 131 
    248 438 220 84 318 142 365 205 317 152 192 110 376 138 487 207 255 486 500 217 114 359 28 197 182 197 207 256 22 
    462 390 93 203 71 417 431 314 3 134 446 163 15 452 235 267 372 426 484 395 104 306 228 82 168 436 120 204 249 77 
    127 9 240 203 316 422 333 419 383 107 11 256 310 491 98 207 432 290 128 482 200 443 272 211 478 313 138 95 299 
    226 479 65 281 322 395 53 89 135 294 11 296 289 41 211 378 319 197 367 337 164 225 365 65 376 351 488 69 317 407 
    454 420 111 216 411 49 402 84 494 107 16 110 417 185 456 325 97 153 255 424 9 42 197 358 498 23 493 179 289 192 
    156 424 134 491 111 476 124 288 34 104 145 259 425 233 499 133 425 345 417 84 6 456 156 54 477 18 76 318 261 201 
    93 92 310 139 174 469 142 198 339 141 197 469 3 355 211 94 246 102 7 153 19 323 18 9 429 285 151 57 193 482 9 181 
    359 60 192 262 209 380 110 166 94 52 483 50 404 336 159 239 130 52 62 135 330 316 2 109 426 412 397 484 206 163
     346 464 467 476 92 463 496 153 211 265 343 112 35 233 493 377 20 88 17 260 110 253 28 413 163 3 256 475 385 67 